L'Aquila Mainshock
20090406
013239
42.33
13.33
8.8
5.8


 
AQV
L'AQUILA - V. ATERNO - CENTRO VALLE
42.377222
13.343888
692
B
PI
4.9
189.0
013212
0.005000
20001
100.000000
WE
cm/s^2
Altus  K2  - EpiSensor 
210.0
0.700
2.49900
1.000400e+00
24
646.068185
33.630000
DPC-USSN
32.0
BASELINE REMOVED
BUTTERWORTH
4
40.000

0.080

ACCELERATION RESPONSE SPECTRUM
 0.030  685.44566
 0.040  785.21330
 0.070 1036.53218
 0.100 1552.25552
 0.150 1267.09143
 0.200 1164.97083
 0.250 1107.74324
 0.300  831.83472
 0.350 1023.14353
 0.400 1258.44509
 0.450 1057.30014
 0.500 1108.59198
 0.600  958.18303
 0.700  837.01223
 0.800  623.27448
 0.900  540.59229
 1.000  463.84425
 2.000  127.83576
 3.000   56.25291
 4.000   27.89928
 5.000   16.21506
 7.000    7.67229
10.000    3.94638
